10
2,2
0,0
1,1
10,12,
11,16,

5,5
0,0
4,4
7,4,8,5,20,
15,18,10,20,18,
7,21,5,6,21,
20,16,9,12,8,
2,7,3,19,3,

3,3
0,0
2,2
19,5,13,
5,20,18,
19,18,14,

18,18
0,0
17,17
11,2,18,9,18,3,20,13,20,11,11,6,10,14,12,2,11,13,
19,4,7,8,19,10,4,18,18,21,6,10,9,16,2,5,3,18,
19,14,2,9,3,11,13,12,3,15,12,12,19,2,6,4,8,4,
12,10,20,20,2,4,9,9,10,21,13,12,10,2,16,10,9,17,
19,12,7,13,5,10,15,2,10,20,16,8,2,18,9,12,17,9,
6,16,16,15,15,19,17,3,19,11,11,18,18,21,8,4,4,12,
4,9,4,12,7,11,10,19,7,17,9,2,4,6,8,11,19,14,
8,14,15,18,15,17,14,11,8,21,5,10,3,7,17,5,9,15,
6,18,12,12,13,12,4,8,16,11,17,5,3,3,9,8,11,2,
15,4,11,21,15,7,21,16,12,9,11,12,2,16,20,4,18,11,
6,20,9,12,21,4,15,14,18,14,21,7,14,6,21,16,6,14,
21,17,8,3,4,10,13,16,16,11,11,12,13,7,10,20,18,2,
15,3,14,11,16,5,8,20,10,8,14,6,20,5,13,19,19,16,
19,10,2,13,12,3,3,15,9,3,5,17,3,18,10,8,19,16,
3,6,15,3,12,19,7,2,3,11,19,20,17,16,20,17,7,2,
11,20,15,18,2,11,5,15,7,13,13,17,20,15,21,13,8,3,
10,14,3,3,15,21,13,10,7,4,5,5,4,14,3,10,2,15,
19,17,21,16,21,4,11,19,17,2,10,4,3,10,8,5,4,21,

16,16
0,0
15,15
15,9,21,17,4,4,12,9,18,12,21,3,21,17,2,15,
8,5,17,5,12,17,5,6,19,13,4,2,7,15,16,21,
14,7,8,9,2,10,16,18,20,7,11,11,2,4,5,20,
7,12,3,9,7,6,6,16,10,8,16,15,14,2,6,6,
20,5,13,20,5,19,8,4,5,17,13,17,19,8,16,16,
18,17,4,16,14,20,10,14,18,17,19,10,9,16,7,7,
19,10,5,2,8,3,16,3,19,20,18,16,18,12,3,7,
20,17,13,4,15,21,8,11,8,17,12,8,11,17,13,20,
5,9,13,11,10,19,4,19,17,21,6,6,3,7,11,13,
2,2,15,7,13,13,16,12,9,18,18,18,13,21,9,17,
20,20,18,9,17,21,18,5,12,2,9,13,19,18,5,19,
10,10,16,21,14,11,11,21,7,19,9,11,19,16,18,17,
14,6,16,2,17,13,5,7,5,12,11,3,20,6,12,8,
14,7,7,18,8,9,17,5,6,5,14,15,19,2,11,4,
7,17,4,2,20,7,8,4,9,17,17,7,21,7,5,5,
4,2,2,10,9,9,6,6,12,18,19,2,19,20,16,16,

16,16
0,0
15,15
18,16,14,15,2,8,14,9,15,11,20,13,14,16,15,14,
16,16,2,15,20,18,18,8,15,18,17,14,4,11,20,12,
6,12,5,18,11,9,6,16,18,4,7,10,18,21,2,4,
7,14,18,5,10,6,11,16,14,19,8,16,8,18,6,12,
20,21,9,9,8,5,4,4,19,21,4,8,12,4,2,17,
9,10,20,9,14,2,3,6,19,21,20,5,17,16,8,8,
15,7,15,13,10,9,15,7,21,9,5,11,4,6,7,11,
14,5,10,7,17,4,11,6,15,2,10,11,16,8,17,2,
13,2,13,21,2,19,18,21,6,2,10,8,18,7,9,10,
3,18,7,18,20,9,3,13,9,3,14,15,9,21,15,20,
14,19,11,6,16,19,5,12,11,5,19,7,11,18,8,12,
14,13,20,4,12,21,16,11,14,20,5,13,20,10,3,12,
7,12,16,13,2,11,4,11,6,13,9,15,9,15,17,2,
18,16,4,9,7,10,10,12,9,13,3,19,14,5,21,11,
7,7,3,7,16,17,17,12,8,16,6,7,9,13,19,17,
19,2,16,17,2,5,7,21,8,8,18,12,11,17,2,9,

2,2
0,0
1,1
3,14,
8,10,

21,21
0,0
20,20
19,16,15,15,21,14,6,19,2,16,11,16,11,3,11,8,3,18,14,19,8,
16,7,20,3,7,21,7,14,21,7,3,15,20,16,7,5,12,16,5,6,17,
19,7,18,21,13,11,17,18,21,15,12,6,14,5,3,5,10,7,5,7,8,
10,18,2,7,21,5,13,16,9,8,5,7,17,4,18,18,11,6,17,17,8,
21,9,11,15,4,12,20,19,17,7,20,5,19,17,4,14,9,18,14,15,2,
19,2,16,7,19,6,12,14,21,18,6,20,20,11,14,10,9,4,17,6,2,
21,16,17,15,8,16,4,20,10,4,17,2,18,3,19,14,5,4,13,21,20,
11,19,9,4,19,8,6,7,13,18,6,7,5,19,13,20,13,4,20,7,11,
20,4,12,10,8,7,4,20,7,14,9,16,21,3,6,7,19,11,10,15,15,
15,19,4,19,9,16,13,7,21,2,17,15,5,17,2,10,19,12,7,11,11,
2,2,13,18,8,10,7,8,16,12,14,5,14,11,12,20,14,9,12,14,4,
17,17,20,9,6,17,19,3,19,21,15,19,12,11,17,12,16,4,18,6,16,
21,11,17,3,21,9,10,11,21,13,19,9,11,18,5,18,16,6,7,15,20,
5,17,21,12,19,16,14,16,20,20,7,21,15,9,21,14,17,2,6,20,19,
13,21,16,16,18,2,12,15,7,2,18,14,2,9,11,8,13,17,18,12,15,
18,17,2,17,10,9,9,14,8,7,5,7,13,11,15,5,13,9,10,6,17,
2,6,16,3,4,8,11,20,10,4,16,5,16,3,5,3,11,17,21,8,12,
19,19,13,4,2,5,11,2,9,19,14,5,13,15,7,11,16,5,11,18,12,
15,12,5,18,6,6,6,5,12,16,14,21,8,17,13,3,6,5,2,15,17,
5,19,3,2,20,17,17,10,14,19,15,16,3,3,20,7,7,16,10,14,8,
9,20,3,13,13,20,16,13,5,12,8,2,13,8,21,20,3,9,4,21,2,

19,19
0,0
18,18
14,3,9,19,21,15,7,13,2,7,3,15,18,14,5,12,5,9,14,
11,9,17,9,20,16,2,7,18,13,19,7,5,13,15,15,12,8,12,
15,20,9,16,6,17,8,9,20,3,8,12,4,16,8,11,6,14,3,
4,10,15,13,16,10,4,21,15,6,7,18,19,18,5,13,2,21,19,
9,19,12,16,21,14,2,19,3,18,11,5,20,12,10,12,18,10,6,
17,4,11,14,20,20,10,15,12,2,6,21,2,15,12,8,15,16,20,
4,18,16,14,13,15,16,13,17,12,21,21,19,15,2,11,13,21,12,
19,3,12,3,14,4,17,16,10,2,11,8,4,7,3,8,10,8,2,
13,3,4,12,2,21,6,3,3,9,14,5,6,15,15,20,7,18,15,
2,18,7,11,5,9,8,6,8,8,4,8,19,5,3,9,17,2,5,
10,15,13,2,18,9,15,4,7,13,12,12,13,8,9,14,11,17,12,
7,3,18,21,21,7,4,2,6,12,15,10,20,20,13,13,17,12,6,
11,18,9,21,20,12,19,8,16,9,15,6,6,8,14,18,7,19,20,
20,4,2,13,12,21,11,15,12,18,5,8,7,13,8,18,4,18,16,
10,13,15,15,17,11,21,2,7,18,19,18,16,21,18,19,3,17,21,
16,19,17,12,18,15,3,4,11,5,12,5,5,3,18,18,11,20,17,
11,5,14,8,21,20,20,18,18,21,5,17,8,15,12,18,11,5,19,
5,7,15,15,2,18,9,11,15,10,9,2,19,12,6,17,12,5,7,
20,21,19,3,16,5,16,18,13,17,14,2,12,19,15,18,19,12,5,

8,8
0,0
7,7
17,5,7,17,14,18,2,21,
20,5,7,18,16,4,11,10,
19,18,18,10,5,10,2,16,
19,16,12,9,18,7,7,13,
2,13,20,14,9,20,13,7,
15,18,15,9,12,16,9,21,
12,6,9,16,6,2,2,4,
16,12,11,12,9,16,15,9,

